2563
1873
1619
1903
3177
6690
1226
3792
1190
2710
1289
2817
996
1190
3281
1000
921
1420
1126
1107
3232
390
795
5387
872
684
1036
4205
1196
1098
1223
5950
1168
888
1722
1282
1637
1527
7615
1501
3758
3300
1073
777
2130
1055
4550
897
1595
1155
1039
1875
3099
2465
3072
2427
2462
524
696
11185
1685
1234
728
1316
318
1503
1274
334
4741
3254
1583
565
922
1512
998
1945
744
799
927
1755
585
2052
590
1407
1443
1269
2890
1243
1258
1026
918
1567
3447
2200
2730
1904
2594
2093
504
876
1910
1791
1322
1666
4213
751
1021
2395
2457
1930
606
555
2993
674
621
1345
1670
1587
662
1040
1038
1564
1443
992
915
846
3070
1421
1780
1960
3575
1268
1829
881
1318
3492
2595
2059
1888
1157
2214
1104
2292
1919
1697
2988
2900
668
1947
1976
700
1945
1210
1929
511
1732
1442
2037
1320
1914
1880
2216
5040
1269
969
1148
860
658
1732
1730
1003
1664
613
2805
1655
1145
3200
1117
1355
1586
2812
1861
2245
1352
2140
1914
2319
1845
1315
1696
2675
1220
1789
1239
2158
1150
1809
1645
2309
1243
1328
1910
2169
1436
7850
1679
4429
7059
1415
1505
2330
2134
1514
1458
2109
3999
1333
2083
4154
1918
2505
2660
1543
786
803
4950
902
2308
1748
1100
2480
2705
2381
1502
2071
1600
2087
685
988
1911
1588
940
1277
3428
1046
1482
1179
1643
2110
1021
617
2770
1292
1439
1338
3679
1268
1989
928
1722
670
1064
3222
1028
3238
1114
817
5989
1923
4872
5416
1189
3521
1321
1009
1563
1424
1266
4689
4818
1244
327
1679
1755
1463
2525
1735
5468
2795
1458
2979
944
2734
3640
919
1233
1830
2861
6726
1222
1811
2171
3105
2689
3984
3258
1010
3229
1178
4215
2831
808
1691
4217
2314
7541
4801
2525
1743
8825
3811
3422
2637
4925
2493
4660
2484
5679
9020
6750
2731
3155
2081
4011
1820
1882
1518
3282
3852
4725
4629
4307
844
1165
1323
1580
1841
5481
3400
1545
2606
1810
663
1643
1823
1074
2850
1823
2610
2086
1942
2501
1957
5799
3037
2450
309
2630
3761
1268
1789
2183
1973
2000
4840
1068
3002
1668
1358
1466
5488
3700
3419
982
5635
3372
4590
2365
2380
2356
1900
3715
3929
1755
3284
986
2560
5311
1594
1002
3928
2398
4792
2392
4718
2531
3070
4930
3797
2528
6227
3440
5398
4481
5486
2498
2477
2761
3490
5548
3399
1721
6383
3079
2285
2484
3329
7423
2500
7450
5252
4842
3153
4310
5228
5831
1621
1409
1648
635
541
1760
731
1605
1903
919
1329
1469
1244
743
2451
1191
1292
2174
1893
2345
1066
2171
1721
944
1991
2892
803
840
1079
1845
4789
1521
3385
2799
2342
1250
3940
1046
1148
3020
1100
1086
2125
2314
1449
5414
1558
1234
1268
309
725
1964
2369
1274
2549
809
1546
4249
1548
3071
1926
1780
4550
1825
1782
1082
2153
757
660
3220
690
633
2898
753
673
976
1673
1342
855
1820
1973
1333
1570
1663
531
939
5701
2548
939
1325
785
4579
874
1217
4168
5883
2290
1190
1005
3786
1866
1209
780
1154
1688
703
998
3494
677
1086
1785
33415
2203
1053
2294
2126
858
4149
743
1364
1702
1489
1216
3651
2202
3126
2500
1696
1872
1024
1510
1679
796
1170
1619
1468
1769
916
4545
1863
3081
3563
1584
644
988
1619
1011
3309
1011
1541
2205
814
1855
1179
5018
791
1613
1255
3610
982
1928
2831
2442
3344
1911
334
978
3124
1800
2502
1029
2362
2079
809
1101
1177
1870
2055
1575
1825
1579
1882
1380
2003
1142
921
876
3195
1760
1127
1714
2045
1905
871
792
2460
1491
1542
7270
1698
1337
715
2074
611
476
1084
953
1065
407
2236
1618
4255
1307
909
783
976
1436
2317
310
3543
507
441
1428
487
886
729
2942
805
668
3850
1519
1757
280
1065
940
4789
4059
5025
2240
5404
5032
5171
1470
1741
3639
2608
3198
1018
3003
3097
1207
3560
2471
4258
3517
2394
4390
2843
6795
3681
1992
1762
