1982301
5588451
6877204
205162
1350923
1094751
317914
1583463
5779151
9068202
3174110
9473204
540877
1091741
3880405
784870
1027900
1528544
2833545
2149683
12098280
76471
196802
2388326
2050307
118783
2097143
10747937
1534491
1604595
5366817
2881823
172513
2226251
981471
3324636
12082762
549063
4476858
6085519
11118493
8177267
2959999
344638
1741637
7047231
11339919
4007562
775999
6446967
3393685
3858525
420937
3602129
33042001
10805101
4796320
28013
1494033
8029487
30060
5666799
1702777
795324
101664
5303110
734104
44806
7573083
17382282
2109205
747297
288770
3038409
351994
928834
467656
611898
722132
860159
112109
3003491
164462
1639337
4078884
4441500
23138004
858303
288811
104723
1214367
1264412
10122397
827486
11116996
5978731
2677864
2696725
285284
585991
3037434
1240339
10655465
7433375
8491722
1302519
933622
7688309
8096920
10499200
5204909
635241
82608296
2273415
1108124
2751910
568735
5012999
4121274
7143791
1990198
4244836
19215897
3079525
8893644
3311641
40063
4626207
4702849
2637415
11101876
3659676
3909542
1985007
134844
9638234
12658150
7414026
2274568
2831861
6166477
534921
2298371
9413903
162708
2680714
5723382
1317229
17861719
4535512
522500
2416040
4581060
4948328
157577
8545596
2951456
3285314
11410172
28384
16832843
2691487
44124393
6798984
524752
2592861
278966
2119549
1061283
3861982
1121166
1751493
1238020
40055
5270215
3133143
1246752
884965
1750212
5402851
1866099
2990813
3544697
3188448
7224597
4524542
293678
1933209
359573
3845171
6750121
884463
1028408
774808
4320790
1751507
13722332
336945
1070452
1241172
7395074
9647830
2552826
631308
17330759
2722229
3385261
3924442
4807830
1398611
13381749
1060171
3265274
5271267
5624007
42157018
1709265
568971
66822199
833006
4014888
10126141
2416260
202277
6854381
11224917
1252587
3098074
31306
9303029
31526380
9587980
1453505
2379618
2913006
6358080
22823870
483671
277865
94842
1511029
316469
2123012
3692710
545520
1792167
265864
330275
8306204
6389377
42585
722277
172262
2631096
2063410
8926355
4249220
14109358
2367890
1929673
474601
40155
11632451
550370
30818571
376843
2250745
6495549
4068702
5671349
14714188
2024581
44159008
802969
1432608
6856834
641469
2155453
17927313
81240489
5246122
280395
2117051
1601595
1859209
972352
6337642
21754930
5402511
2237752
12443819
2554335
12250862
11737362
4605565
310999
1851447
4854115
122501243
1593915
9062497
4786273
1966613
17151275
17307571
3896177
923776
11609320
3691698
63657290
58380938
387759
1139429
11523880
22565757
19428858
16523505
99838
2672507
14593108
2868263
280432
3108020
15431305
8121396
24462716
4162413
2223498
405043190
5673914
60453934
138950333
26741807
59090894
2554388
3358481
223237
3955433
356387
27659441
48067536
4702985
261696
131470
1977025
2112791
3045989
9898411
3001554
1588012
6596281
10512226
862616
2178042
2486316
748803
15547348
529690
2580193
8881958
2007192
6347237
25414
47590073
1354046
15828886
56429
10411065
2316301
2948188
838364
4251196
9593561
847000
15124370
2103992
6498609
5761655
2730517
3486924
9810129
7289888
15169043
229788
25519900
11888491
25840644
6479154
1217584
1620268
1395473
18930901
3704300
2825245
9172671
800040
10231705
24551690
3192797
1307400
3289346
94313
48144505
6746683
345546
725688
112362
21380128
12541756
6097156
2599087
6641883
7663864
12815794
4148403
311550
6403367
118612
2849480
5276869
1051412
30684655
4867420
12669099
992192
4460146
6525001
16760348
70861300
294584994
104821569
8530490
44766294
19562314
24152157
60771440
74744
200106
4156634
960119
667209
316500
1473147
437490
3010317
1851656
20352691
8058978
2009445
312624
2024452
7206991
2093375
2324549
6323339
4239853
1115707
10119660
1352447
2959645
266813
13449130
122127
300367
1055251
3116020
12100893
768333
1041056
634057
12523400
393799
5042018
991011
1778619
13043229
1626295
1631780
96878
46765
265138
13109026
624025
1329264
363472
579025
3179067
4258508
12494153
1861900
26351638
3332004
716184
3100920
605004
664042
335566
18001122
5181449
4453638
8457942
361701
4752123
735054
602144
1854881
2291117
1145540
11203754
10014
281287
2029308
1171451
794396
211125
2767018
2354962
1104510
4137986
299340
20077
2130149
35297285
3145684
862565
2710791
603021
201888
2116626
1085198
11693990
16359446
2181110
1189809
694344
11849144
3273952
3624037
1404233
3113065
84923
1999064
2463912
17164309
772883
601578
1195646
188638033
2972706
1622272
761126
2350760
4800321
1068035
41080
2060390
5042481
2265543
1294687
27142410
3926716
5092566
1137900
369083
3782113
111052
3407299
9754637
4661829
84883
2816752
597769
4533717
40175
18802028
5440481
7512802
32585844
3240277
61836
165776
161592
5017799
1948339
130456
4646423
1398278
247814
2030167
3987991
9773157
1730692
2123820
4170013
2005571
2479235
4763875
12331779
531305
1526669
9672813
623066
1151108
17605739
4570290
7896011
1307385
1396792
7313007
194572
591523
599010
4597133
466156
372141
3080308
725250
2300594
352010
311867
668127
641808
1509155
2419030
1821195
5376511
4661754
2978706
239774
345560
247500
731112
1375298
5131112
11640142
960779
6158008
2011738
1379230
616505
726099
1384571
2148140
1545464
25665
1112454
1710986
101374183
742676
108543
536143
1358543
1386730
829277
37863
22746
162569
60315
592148
219461
3999696
842454
2317472
2043846
643938
1550125
2321806
1522212
269351
1562685
358046
11462519
24795822
2336424
1764806
3310166
1717975
2454880
4209844
39808469
11182828
3008249
3226462
592598
4225821
10450145
1211791
5738826
31215648
5275960
12113216
863252
6720168
3061342
11075917
2146023
453717
711037
