stock_rand_result.txt
3.19285e+009
3.47504e+009
3.47504e+009
3.47504e+009
3.47504e+009
3.47504e+009
3.47504e+009
3.47504e+009
3.47504e+009
3.47504e+009
3.47504e+009
3.47504e+009
3.47504e+009
3.47504e+009
3.47504e+009
3.47504e+009
3.47504e+009
3.47504e+009
3.47504e+009
3.47504e+009
3.47504e+009
3.47504e+009
3.47504e+009
3.47504e+009
3.47504e+009
3.47504e+009
3.47504e+009
3.47504e+009
3.47504e+009
3.47504e+009
3.47504e+009
3.47504e+009
3.47504e+009
3.47504e+009
3.47504e+009
3.47504e+009
3.47504e+009
3.47504e+009
3.47504e+009
3.47504e+009
3.47504e+009
3.47504e+009
3.47504e+009
3.47504e+009
3.47504e+009
3.47504e+009
3.47504e+009
3.47504e+009
3.47504e+009
3.47504e+009
stock_rand_result.txt
2.56496e+009
3.15643e+009
3.15643e+009
3.15643e+009
3.15643e+009
3.15643e+009
3.15643e+009
3.15643e+009
3.15643e+009
3.15643e+009
3.15643e+009
3.15643e+009
3.15643e+009
3.15643e+009
3.15643e+009
3.15643e+009
3.15643e+009
3.15643e+009
3.15643e+009
3.15643e+009
3.15643e+009
3.15643e+009
3.15643e+009
3.15643e+009
3.15643e+009
3.15643e+009
3.15643e+009
3.15643e+009
3.15643e+009
3.15643e+009
3.15643e+009
3.15643e+009
3.15643e+009
3.15643e+009
3.15643e+009
3.15643e+009
3.15643e+009
3.15643e+009
3.15643e+009
3.15643e+009
3.15643e+009
3.15643e+009
3.15643e+009
3.15643e+009
3.15643e+009
3.15643e+009
3.15643e+009
3.15643e+009
3.15643e+009
3.15643e+009
