dataset/p08_annel_result.txt
1.28252e+007
1.08118e+007
7.3822e+006
9.78553e+006
1.0173e+007
1.07204e+007
1.17546e+007
6.23801e+006
8.20421e+006
1.27196e+007
8.66311e+006
9.52937e+006
9.11048e+006
4.98965e+006
1.27172e+007
1.25621e+007
7.46507e+006
1.14774e+007
1.05099e+007
8.22804e+006
1.08176e+007
1.18279e+007
1.01573e+007
1.18373e+007
9.95066e+006
1.15528e+007
9.07737e+006
7.86142e+006
1.16465e+007
1.19236e+007
1.07102e+007
1.18102e+007
1.18373e+007
1.07694e+007
1.18487e+007
9.23283e+006
1.24419e+007
1.18065e+007
1.26445e+007
9.5488e+006
1.16808e+007
1.25509e+007
1.1761e+007
1.16664e+007
1.28772e+007
1.06434e+007
1.25656e+007
1.25525e+007
1.21914e+007
1.31145e+007
1.00917e+007
1.27771e+007
1.20346e+007
1.21373e+007
1.04022e+007
1.22976e+007
1.27221e+007
1.30327e+007
1.05764e+007
1.0403e+007
1.18206e+007
1.19713e+007
1.13357e+007
1.25286e+007
1.27828e+007
1.2555e+007
1.26186e+007
1.28792e+007
1.21513e+007
1.16988e+007
1.29126e+007
1.312e+007
1.26284e+007
1.24562e+007
1.20979e+007
1.21006e+007
1.21859e+007
1.25041e+007
1.1921e+007
1.26682e+007
1.26682e+007
1.26682e+007
1.26682e+007
1.26682e+007
1.26682e+007
1.26682e+007
1.26682e+007
1.26682e+007
1.26682e+007
1.26682e+007
1.26682e+007
1.26682e+007
1.26682e+007
1.26682e+007
1.26682e+007
1.26682e+007
1.26682e+007
1.26682e+007
1.26682e+007
1.26682e+007
dataset/p08_annel_result.txt
1.00567e+007
1.24901e+007
8.10202e+006
1.06658e+007
1.10216e+007
1.03051e+007
6.25469e+006
1.10603e+007
8.26523e+006
1.13909e+007
9.96295e+006
1.17446e+007
5.94279e+006
8.39384e+006
1.1685e+007
9.97227e+006
1.26624e+007
1.17375e+007
1.01396e+007
1.1047e+007
8.33137e+006
9.22805e+006
8.40226e+006
1.06676e+007
1.1436e+007
1.07025e+007
9.70499e+006
1.17854e+007
1.28012e+007
1.15209e+007
1.13664e+007
1.15357e+007
1.17119e+007
1.1106e+007
1.27638e+007
8.74994e+006
1.11115e+007
1.20095e+007
1.09292e+007
8.41296e+006
8.41469e+006
9.92148e+006
1.22248e+007
8.52434e+006
1.19475e+007
1.10301e+007
1.13157e+007
9.93327e+006
7.40256e+006
1.22509e+007
1.04077e+007
9.27127e+006
1.09828e+007
1.08365e+007
9.30468e+006
8.82032e+006
1.06086e+007
8.40877e+006
9.8785e+006
6.53855e+006
1.03911e+007
1.10904e+007
1.22063e+007
1.07043e+007
8.95547e+006
1.12863e+007
9.18414e+006
1.1494e+007
7.76725e+006
9.14395e+006
1.05537e+007
1.09624e+007
9.31454e+006
8.56425e+006
1.2911e+007
8.14065e+006
7.66311e+006
1.11268e+007
1.18726e+007
7.6827e+006
7.66295e+006
1.30076e+007
1.14094e+007
1.29858e+007
1.03404e+007
1.16796e+007
6.83473e+006
9.42302e+006
1.12799e+007
1.07954e+007
1.29041e+007
7.2759e+006
1.11074e+007
1.1262e+007
8.85879e+006
8.76164e+006
1.01215e+007
9.65075e+006
8.62374e+006
1.26216e+007
1.22817e+007
1.01049e+007
1.59406e+006
1.11617e+007
1.06528e+007
1.28762e+007
1.03263e+007
1.16614e+007
1.28061e+007
1.29688e+007
8.00552e+006
1.08966e+007
9.30424e+006
1.1657e+007
8.17618e+006
1.24818e+007
8.66077e+006
1.17216e+007
1.09818e+007
1.14507e+007
1.14034e+007
8.82467e+006
1.21644e+007
1.09471e+007
1.25625e+007
1.2896e+007
1.23614e+007
1.23172e+007
9.21684e+006
1.222e+007
1.16351e+007
1.10022e+007
1.04464e+007
9.44269e+006
1.27171e+007
1.05381e+007
1.13685e+007
1.27364e+007
8.93986e+006
1.02496e+007
9.62864e+006
1.30026e+007
1.22442e+007
1.25555e+007
1.16712e+007
8.22303e+006
1.16123e+007
1.25609e+007
9.99039e+006
9.89288e+006
1.19318e+007
8.97847e+006
1.25002e+007
1.24146e+007
1.008e+007
1.2064e+007
1.2641e+007
1.07798e+007
1.03418e+007
5.68763e+006
9.71742e+006
1.08713e+007
1.24922e+007
1.12153e+007
8.11255e+006
1.13877e+007
8.43646e+006
1.10418e+007
1.22374e+007
9.41188e+006
1.11025e+007
1.17024e+007
1.03856e+007
1.14861e+007
1.10465e+007
1.00744e+007
1.1557e+007
9.58894e+006
1.222e+007
8.50652e+006
1.24342e+007
1.09062e+007
1.18754e+007
9.48665e+006
1.07177e+007
1.1648e+007
1.13633e+007
1.10539e+007
1.2353e+007
9.20402e+006
8.98866e+006
1.24201e+007
9.55117e+006
1.22745e+007
7.51606e+006
8.08454e+006
1.21676e+007
2.20164e+006
1.10928e+007
9.97989e+006
1.0612e+007
1.17989e+007
9.75756e+006
1.15782e+007
9.88592e+006
1.26266e+007
1.01586e+007
6.99993e+006
1.2338e+007
1.27273e+007
1.02076e+007
1.21949e+007
7.702e+006
1.26277e+007
1.18902e+007
8.64611e+006
7.76632e+006
6.78848e+006
1.05101e+007
9.89954e+006
1.03768e+007
1.11627e+007
1.2492e+007
1.18248e+007
1.18308e+007
8.37344e+006
1.10097e+007
1.19172e+007
1.12941e+007
9.13458e+006
1.08122e+007
9.29887e+006
1.12817e+007
9.95187e+006
9.70828e+006
1.26408e+007
1.2671e+007
8.5046e+006
1.09303e+007
1.07303e+007
1.21607e+007
1.28712e+007
9.93113e+006
1.28498e+007
6.54011e+006
9.73571e+006
1.06339e+007
1.19179e+007
1.29567e+007
1.19616e+007
1.27611e+007
1.09289e+007
1.27416e+007
1.00168e+007
1.12105e+007
1.1383e+007
9.28033e+006
9.65143e+006
1.04757e+007
1.10225e+007
1.13069e+007
1.01993e+007
1.04579e+007
9.88365e+006
5.05251e+006
1.11049e+007
1.22437e+007
8.23039e+006
1.28214e+007
8.28417e+006
1.06698e+007
1.04073e+007
8.53584e+006
1.21809e+007
1.07314e+007
8.84993e+006
1.22319e+007
1.19581e+007
7.65281e+006
6.7567e+006
1.24884e+007
1.31738e+007
1.29041e+007
1.17266e+007
1.30436e+007
9.86574e+006
1.08904e+007
9.3778e+006
1.13503e+007
1.18726e+007
1.28056e+007
1.19854e+007
9.80211e+006
1.27835e+007
9.9375e+006
9.5479e+006
1.1759e+007
1.12463e+007
1.11411e+007
9.64209e+006
1.1757e+007
1.23351e+007
1.04193e+007
1.12089e+007
1.2292e+007
9.39888e+006
1.22237e+007
1.23563e+007
1.18047e+007
1.23035e+007
9.93937e+006
1.24546e+007
1.01773e+007
1.21139e+007
1.29691e+007
1.1699e+007
1.10943e+007
1.1716e+007
1.21184e+007
1.30408e+007
1.21167e+007
9.25402e+006
1.04684e+007
1.14271e+007
1.24752e+007
1.00884e+007
9.85206e+006
1.22066e+007
9.34294e+006
1.15235e+007
8.39045e+006
1.31048e+007
1.22583e+007
1.15761e+007
1.28968e+007
1.17805e+007
1.13044e+007
9.30609e+006
1.16635e+007
1.03692e+007
1.15769e+007
1.10754e+007
1.19841e+007
9.88016e+006
8.49976e+006
1.23697e+007
1.24504e+007
1.06592e+007
1.1909e+007
9.13219e+006
1.09074e+007
1.22721e+007
1.26557e+007
9.57053e+006
9.35455e+006
8.95118e+006
1.2586e+007
1.26038e+007
1.12978e+007
1.16745e+007
1.0678e+007
1.06192e+007
9.26285e+006
1.24084e+007
1.09296e+007
1.18075e+007
9.63685e+006
1.01435e+007
1.226e+007
8.45982e+006
1.16195e+007
1.07572e+007
1.19997e+007
1.09061e+007
1.00642e+007
1.26899e+007
9.3277e+006
1.18749e+007
1.13966e+007
1.22547e+007
1.2785e+007
1.25784e+007
1.26549e+007
8.28005e+006
1.25055e+007
1.0644e+007
1.128e+007
1.09995e+007
1.25946e+007
1.26525e+007
1.15991e+007
1.24401e+007
9.5654e+006
1.1808e+007
1.19544e+007
1.09946e+007
1.23393e+007
9.91489e+006
1.03868e+007
1.0777e+007
1.05908e+007
1.12473e+007
1.08389e+007
1.17708e+007
1.33663e+007
6.5545e+006
1.22449e+007
8.52525e+006
1.12166e+007
1.12309e+007
1.23606e+007
1.25321e+007
1.10677e+007
1.26246e+007
1.0771e+007
9.64011e+006
1.23668e+007
1.2555e+007
1.16329e+007
1.19481e+007
9.23755e+006
1.23422e+007
1.18267e+007
1.28469e+007
9.87378e+006
1.15367e+007
1.09641e+007
1.28264e+007
1.29526e+007
1.09091e+007
9.91971e+006
1.15968e+007
1.16294e+007
1.01914e+007
1.08523e+007
1.27328e+007
9.88466e+006
1.14473e+007
1.17292e+007
1.14622e+007
1.10023e+007
9.62414e+006
1.2523e+007
1.2224e+007
1.31195e+007
1.27919e+007
1.20932e+007
1.01068e+007
1.23256e+007
1.23144e+007
1.24239e+007
1.29747e+007
1.14631e+007
1.06728e+007
9.64757e+006
1.17092e+007
1.17529e+007
1.21402e+007
1.05916e+007
1.22716e+007
9.73992e+006
1.11592e+007
1.02902e+007
1.30091e+007
1.05118e+007
1.16931e+007
1.2104e+007
1.15981e+007
1.03496e+007
1.06079e+007
1.21135e+007
1.23204e+007
1.24608e+007
1.25219e+007
1.17024e+007
1.28452e+007
1.07185e+007
1.09683e+007
1.24679e+007
8.87838e+006
1.17414e+007
1.14813e+007
1.27238e+007
9.69002e+006
1.30735e+007
1.24579e+007
8.64875e+006
1.20203e+007
1.10529e+007
9.14627e+006
1.23719e+007
1.10787e+007
1.03461e+007
1.21987e+007
1.18862e+007
1.09744e+007
1.28306e+007
1.2717e+007
9.45157e+006
1.26926e+007
9.97291e+006
1.18118e+007
1.20568e+007
1.08265e+007
1.01474e+007
1.29429e+007
9.80034e+006
1.15081e+007
1.15476e+007
1.26931e+007
1.04367e+007
1.17312e+007
1.15031e+007
1.14096e+007
1.21248e+007
1.21556e+007
1.27044e+007
1.20097e+007
1.19925e+007
1.12263e+007
1.09048e+007
1.28079e+007
1.05842e+007
1.30195e+007
1.22872e+007
1.1404e+007
1.10407e+007
1.0382e+007
1.12392e+007
1.16584e+007
1.05502e+007
1.18509e+007
1.09693e+007
1.20801e+007
1.20229e+007
1.24545e+007
1.02353e+007
1.2329e+007
1.19058e+007
1.27212e+007
1.15178e+007
1.27665e+007
1.11879e+007
8.86046e+006
1.26593e+007
1.21638e+007
1.11282e+007
1.19318e+007
1.20379e+007
1.13192e+007
1.29482e+007
1.26432e+007
1.18252e+007
1.28148e+007
1.20886e+007
1.13717e+007
1.25152e+007
1.28546e+007
1.1039e+007
1.20207e+007
1.08604e+007
1.22397e+007
1.08747e+007
1.2506e+007
1.07052e+007
1.23131e+007
1.27918e+007
1.14397e+007
1.303e+007
1.24418e+007
1.29219e+007
1.16078e+007
1.24661e+007
1.26457e+007
9.61063e+006
1.18227e+007
1.11398e+007
1.21738e+007
1.18049e+007
9.09554e+006
1.26421e+007
1.25071e+007
1.08246e+007
1.13446e+007
1.26507e+007
1.22205e+007
1.06255e+007
1.25714e+007
1.08122e+007
1.11963e+007
1.18241e+007
1.22692e+007
1.02665e+007
1.19528e+007
1.1705e+007
1.28948e+007
1.26556e+007
1.16761e+007
1.16535e+007
1.15857e+007
1.25406e+007
1.19152e+007
1.20745e+007
1.18738e+007
1.13046e+007
1.26585e+007
1.05713e+007
1.24539e+007
1.10473e+007
1.00367e+007
1.07449e+007
1.06616e+007
1.24648e+007
1.26836e+007
1.28706e+007
8.7787e+006
1.25316e+007
1.12102e+007
9.76799e+006
1.25408e+007
1.2534e+007
9.18011e+006
1.19616e+007
1.22593e+007
1.19221e+007
1.24118e+007
1.27143e+007
1.24409e+007
1.24284e+007
1.20228e+007
1.1353e+007
1.1469e+007
1.1377e+007
1.18463e+007
1.14325e+007
1.02306e+007
1.17443e+007
1.11329e+007
1.04686e+007
1.27025e+007
1.05441e+007
1.1919e+007
1.21168e+007
1.31627e+007
1.27836e+007
1.27741e+007
1.27398e+007
1.23798e+007
1.12622e+007
1.00851e+007
1.18549e+007
1.17752e+007
1.20571e+007
1.19245e+007
1.3003e+007
1.0967e+007
1.16672e+007
1.22639e+007
1.14915e+007
1.23462e+007
1.18037e+007
1.1915e+007
1.20641e+007
1.27474e+007
1.30545e+007
1.15933e+007
1.15772e+007
1.25842e+007
1.02321e+007
1.08279e+007
1.0885e+007
1.17077e+007
1.27418e+007
9.84926e+006
1.25455e+007
1.25128e+007
1.13293e+007
1.20824e+007
1.28676e+007
1.20764e+007
1.26697e+007
1.12677e+007
1.2597e+007
1.22427e+007
1.28219e+007
1.0393e+007
1.2427e+007
1.25927e+007
1.2211e+007
1.23192e+007
1.23191e+007
1.20519e+007
1.27429e+007
1.31086e+007
1.15023e+007
1.23456e+007
1.27395e+007
1.22657e+007
1.20322e+007
1.10778e+007
1.15767e+007
1.24805e+007
1.09201e+007
1.1994e+007
1.24431e+007
1.21542e+007
1.23352e+007
1.24319e+007
1.23225e+007
1.24293e+007
1.26648e+007
1.22114e+007
1.15371e+007
1.30392e+007
1.18555e+007
1.20658e+007
1.29031e+007
9.88607e+006
1.2045e+007
1.31028e+007
1.08574e+007
1.26696e+007
1.21999e+007
1.2554e+007
1.25719e+007
1.29186e+007
1.15121e+007
1.22432e+007
1.16647e+007
1.13437e+007
1.25972e+007
1.253e+007
1.30472e+007
1.23778e+007
1.27289e+007
1.20264e+007
1.09992e+007
1.2812e+007
1.31066e+007
1.09838e+007
1.27995e+007
1.26138e+007
1.11536e+007
1.28593e+007
1.14274e+007
1.28713e+007
1.19517e+007
9.81749e+006
1.22148e+007
1.23447e+007
1.3036e+007
1.14616e+007
1.28491e+007
1.28729e+007
1.28729e+007
1.21052e+007
1.29818e+007
1.29045e+007
1.25519e+007
1.26609e+007
1.3018e+007
1.26477e+007
1.26811e+007
1.27414e+007
1.31158e+007
1.26806e+007
1.28756e+007
1.2186e+007
1.2316e+007
1.16413e+007
1.26927e+007
1.26713e+007
1.28327e+007
1.2369e+007
1.26162e+007
1.26162e+007
1.24411e+007
1.28176e+007
1.28694e+007
1.27216e+007
1.25753e+007
1.2799e+007
1.26713e+007
1.28366e+007
1.05925e+007
1.26293e+007
1.26725e+007
1.22372e+007
1.27721e+007
1.22469e+007
1.04209e+007
1.26897e+007
1.26897e+007
1.26897e+007
1.26897e+007
1.08447e+007
1.23453e+007
1.28942e+007
1.26807e+007
1.26807e+007
1.23017e+007
1.2528e+007
1.23047e+007
1.2302e+007
1.2302e+007
1.247e+007
1.23047e+007
1.23047e+007
1.23047e+007
1.23047e+007
1.23047e+007
1.23047e+007
1.23047e+007
1.23047e+007
1.23047e+007
1.23047e+007
1.23047e+007
1.23047e+007
1.23047e+007
1.2528e+007
1.2528e+007
1.2528e+007
1.2528e+007
1.2528e+007
1.2528e+007
1.2528e+007
1.2528e+007
1.2528e+007
1.2528e+007
1.23017e+007
1.23017e+007
1.23017e+007
1.23017e+007
1.23017e+007
1.23017e+007
1.23017e+007
1.23017e+007
1.23017e+007
1.23017e+007
1.23017e+007
1.23017e+007
1.23017e+007
1.23017e+007
1.23017e+007
1.23017e+007
1.23017e+007
1.23017e+007
1.23017e+007
1.23017e+007
1.23017e+007
1.23017e+007
1.23017e+007
1.23017e+007
1.23017e+007
1.23017e+007
1.23017e+007
1.23017e+007
1.23017e+007
1.23017e+007
1.23017e+007
1.23017e+007
1.23017e+007
1.23017e+007
1.23017e+007
1.23017e+007
1.23017e+007
1.23017e+007
1.23017e+007
1.23017e+007
1.23017e+007
1.23017e+007
1.23017e+007
1.23017e+007
1.23017e+007
1.23017e+007
1.23017e+007
1.23017e+007
1.23017e+007
1.23017e+007
1.23017e+007
1.23017e+007
1.23017e+007
1.23017e+007
1.23017e+007
1.23017e+007
1.23017e+007
1.23017e+007
1.23017e+007
1.23017e+007
1.23017e+007
1.23017e+007
1.23017e+007
1.23017e+007
1.23017e+007
1.23017e+007
1.23017e+007
1.23017e+007
1.23017e+007
1.23017e+007
1.23017e+007
1.23017e+007
1.23017e+007
1.23017e+007
1.23017e+007
1.23017e+007
1.23017e+007
1.23017e+007
1.23017e+007
1.23017e+007
1.23017e+007
1.23017e+007
1.23017e+007
1.23017e+007
1.23017e+007
1.23017e+007
1.23017e+007
1.23017e+007
1.23017e+007
1.23017e+007
1.23017e+007
1.23017e+007
1.23017e+007
1.23017e+007
1.23017e+007
1.23017e+007
1.23017e+007
1.23017e+007
1.23017e+007
1.23017e+007
1.23017e+007
1.23017e+007
1.23017e+007
1.23017e+007
1.23017e+007
1.23017e+007
1.23017e+007
1.23017e+007
1.23017e+007
1.23017e+007
1.23017e+007
1.23017e+007
1.23017e+007
1.23017e+007
1.23017e+007
1.23017e+007
1.23017e+007
1.23017e+007
1.23017e+007
1.23017e+007
1.23017e+007
1.23017e+007
1.23017e+007
1.23017e+007
1.23017e+007
1.23017e+007
1.23017e+007
1.23017e+007
1.23017e+007
1.23017e+007
1.23017e+007
1.23017e+007
1.23017e+007
1.23017e+007
1.23017e+007
1.23017e+007
1.23017e+007
1.23017e+007
1.23017e+007
1.23017e+007
1.23017e+007
1.23017e+007
1.23017e+007
1.23017e+007
1.23017e+007
1.23017e+007
1.23017e+007
1.23017e+007
1.23017e+007
1.23017e+007
1.23017e+007
1.23017e+007
1.23017e+007
1.23017e+007
1.23017e+007
1.23017e+007
1.23017e+007
1.23017e+007
1.23017e+007
1.23017e+007
1.23017e+007
1.23017e+007
1.23017e+007
1.23017e+007
1.23017e+007
1.23017e+007
1.23017e+007
1.23017e+007
1.23017e+007
1.23017e+007
1.23017e+007
dataset/p08_annel_result.txt
8.45194e+006
6.554e+006
6.85979e+006
1.00145e+007
8.50348e+006
1.11553e+007
9.58588e+006
6.61326e+006
7.34992e+006
1.27431e+007
1.03132e+007
1.10604e+007
1.27023e+007
1.17918e+007
1.22076e+007
1.15669e+007
1.1897e+007
1.14433e+007
8.58035e+006
1.25231e+007
1.12806e+007
1.02018e+007
1.057e+007
9.68251e+006
1.21833e+007
8.92028e+006
9.64204e+006
1.24624e+007
1.09308e+007
9.47752e+006
1.19773e+007
1.15626e+007
1.18103e+007
8.80675e+006
1.18417e+007
1.09563e+007
1.23251e+007
8.35923e+006
7.49964e+006
1.03767e+007
9.32105e+006
8.84254e+006
8.23746e+006
8.47053e+006
1.18044e+007
8.7792e+006
1.05601e+007
1.11285e+007
1.23027e+007
1.06983e+007
9.81654e+006
1.25865e+007
8.71295e+006
1.09042e+007
1.11752e+007
1.28828e+007
1.19247e+007
8.90616e+006
1.20966e+007
8.93159e+006
1.13171e+007
9.71464e+006
1.2896e+007
1.12877e+007
1.05807e+007
9.0952e+006
1.191e+007
1.0977e+007
9.58436e+006
6.48197e+006
1.13796e+007
9.29489e+006
1.24396e+007
1.14558e+007
8.9928e+006
1.23036e+007
9.12913e+006
9.63051e+006
1.13112e+007
3.84199e+006
1.16315e+007
7.55176e+006
1.2046e+007
1.31572e+007
1.08958e+007
1.004e+007
1.13851e+007
1.16825e+007
9.88699e+006
1.21012e+007
1.10932e+007
9.5512e+006
1.24161e+007
8.57478e+006
1.05639e+007
1.24929e+007
1.2482e+007
1.23007e+007
9.70768e+006
1.01671e+007
5.5311e+006
1.22558e+007
1.27612e+007
1.13528e+007
8.64009e+006
1.15464e+007
1.05692e+007
7.83631e+006
1.24759e+007
1.00798e+007
9.76164e+006
1.15487e+007
7.21517e+006
1.21355e+007
1.2994e+007
1.1233e+007
9.91264e+006
7.20444e+006
1.09166e+007
9.84283e+006
1.08622e+007
1.08254e+007
1.13388e+007
1.07381e+007
8.42012e+006
1.16776e+007
1.18076e+007
9.36737e+006
1.23975e+007
1.1814e+007
1.12945e+007
1.14714e+007
1.12187e+007
1.01047e+007
9.36487e+006
1.12408e+007
9.51485e+006
8.57775e+006
1.01822e+007
1.21241e+007
8.83626e+006
1.06831e+007
5.64329e+006
1.18032e+007
1.29193e+007
7.17117e+006
1.14222e+007
9.58811e+006
1.25644e+007
1.26751e+007
1.13319e+007
9.00714e+006
9.85871e+006
1.14323e+007
1.08886e+007
1.18711e+007
8.94508e+006
1.24791e+007
9.43947e+006
9.19727e+006
1.15724e+007
9.92226e+006
7.36629e+006
7.85115e+006
1.04206e+007
9.5447e+006
1.20234e+007
1.17577e+007
1.31476e+007
8.33844e+006
1.18576e+007
1.21513e+007
1.0743e+007
9.52367e+006
1.02726e+007
1.01563e+007
1.03561e+007
1.18288e+007
9.97235e+006
1.1327e+007
9.34761e+006
7.30794e+006
1.2058e+007
9.4833e+006
1.00986e+007
1.10954e+007
8.22911e+006
1.27221e+007
1.03779e+007
1.09113e+007
1.00416e+007
9.0283e+006
1.15147e+007
1.03745e+007
1.27508e+007
8.81612e+006
1.25574e+007
1.17946e+007
1.03046e+007
1.2117e+007
1.0904e+007
1.08283e+007
1.12318e+007
1.1235e+007
1.12917e+007
9.05176e+006
9.64954e+006
1.17179e+007
1.10942e+007
1.23485e+007
8.81509e+006
8.33445e+006
9.8998e+006
1.13802e+007
1.13816e+007
1.0582e+007
1.19553e+007
9.96951e+006
1.16743e+007
1.24079e+007
1.25156e+007
1.12168e+007
1.22378e+007
8.46099e+006
1.1002e+007
1.27645e+007
8.75718e+006
1.27222e+007
1.04837e+007
1.19436e+007
7.83351e+006
1.08408e+007
1.00383e+007
1.06685e+007
1.01701e+007
1.29957e+007
1.1022e+007
1.09564e+007
9.67001e+006
1.17728e+007
1.00652e+007
1.106e+007
1.29488e+007
1.28428e+007
1.11929e+007
1.05054e+007
1.01056e+007
9.62278e+006
1.05579e+007
1.30236e+007
8.77541e+006
9.76339e+006
1.05584e+007
1.15339e+007
1.16117e+007
1.18401e+007
1.11249e+007
1.19647e+007
1.24573e+007
9.38633e+006
1.29224e+007
7.11844e+006
1.22819e+007
1.06365e+007
1.23931e+007
9.21633e+006
1.06532e+007
1.16941e+007
1.12742e+007
1.18288e+007
1.27532e+007
1.25097e+007
8.93682e+006
1.11273e+007
1.27912e+007
1.24242e+007
1.26187e+007
1.26769e+007
1.17783e+007
1.17701e+007
9.46823e+006
1.22604e+007
8.9479e+006
8.56419e+006
1.18544e+007
1.30551e+007
1.13833e+007
1.19891e+007
1.12358e+007
2.90398e+006
1.0603e+007
1.17782e+007
1.26092e+007
1.11108e+007
1.1e+007
1.09093e+007
1.13048e+007
1.00205e+007
8.16897e+006
1.08485e+007
9.11874e+006
8.6462e+006
1.08202e+007
1.13332e+007
9.80756e+006
1.11579e+007
8.98078e+006
1.3219e+007
1.18305e+007
9.95943e+006
1.25859e+007
9.99683e+006
1.21036e+007
1.02361e+007
9.65106e+006
1.16667e+007
1.19758e+007
9.56124e+006
1.16289e+007
1.17273e+007
1.05046e+007
1.22075e+007
1.05119e+007
5.92407e+006
8.97584e+006
1.13391e+007
1.27446e+007
1.26846e+007
1.23242e+007
9.87678e+006
9.22864e+006
1.17892e+007
1.04055e+007
1.17108e+007
1.03532e+007
1.25947e+007
1.0243e+007
8.83466e+006
1.09773e+007
1.17435e+007
1.24472e+007
1.05562e+007
1.1931e+007
1.23373e+007
1.21352e+007
1.01931e+007
1.10813e+007
1.22702e+007
1.20314e+007
1.14862e+007
8.74911e+006
1.13306e+007
1.21998e+007
1.14108e+007
1.19499e+007
7.83063e+006
1.28639e+007
1.16358e+007
1.10753e+007
1.04323e+007
1.24005e+007
1.21054e+007
1.18221e+007
1.24656e+007
1.10631e+007
8.19502e+006
1.03116e+007
1.15595e+007
1.2935e+007
1.23985e+007
9.93168e+006
1.09665e+007
1.28488e+007
1.0606e+007
1.0552e+007
1.27327e+007
1.27338e+007
1.27654e+007
1.07508e+007
1.21474e+007
1.2704e+007
1.15499e+007
1.27732e+007
1.09821e+007
1.29186e+007
1.0359e+007
1.07467e+007
1.12929e+007
7.60659e+006
1.16176e+007
1.23538e+007
1.05029e+007
1.30879e+007
1.0088e+007
9.42542e+006
1.16075e+007
1.18418e+007
1.25748e+007
1.17676e+007
1.12869e+007
1.17636e+007
1.23979e+007
9.35758e+006
8.52002e+006
1.22794e+007
1.04857e+007
1.26784e+007
1.08945e+007
1.27348e+007
1.14594e+007
1.14689e+007
1.00878e+007
1.18956e+007
1.23597e+007
1.28963e+007
1.27344e+007
9.93018e+006
1.1593e+007
1.05163e+007
1.25018e+007
1.3033e+007
9.59531e+006
1.20362e+007
9.39397e+006
1.15603e+007
1.09215e+007
1.21951e+007
1.18306e+007
1.16533e+007
1.05127e+007
1.20015e+007
1.15455e+007
9.83384e+006
1.29041e+007
1.00034e+007
1.21057e+007
1.14133e+007
9.0259e+006
1.17535e+007
1.25455e+007
1.14021e+007
1.12844e+007
1.19036e+007
1.23686e+007
9.38845e+006
8.42202e+006
1.2705e+007
1.26691e+007
1.0177e+007
1.24372e+007
1.08553e+007
1.17924e+007
9.18836e+006
1.2856e+007
1.12963e+007
9.78398e+006
1.06595e+007
1.21657e+007
1.11416e+007
1.25546e+007
1.18851e+007
1.19254e+007
1.03725e+007
1.13722e+007
1.12158e+007
1.28981e+007
1.2036e+007
1.15578e+007
1.15489e+007
8.93197e+006
1.28058e+007
9.25172e+006
1.20761e+007
1.28171e+007
1.22561e+007
1.12337e+007
1.19378e+007
1.15798e+007
1.2921e+007
1.2951e+007
1.10696e+007
1.04544e+007
1.27105e+007
1.25238e+007
1.25023e+007
9.82839e+006
1.17722e+007
8.7323e+006
1.03587e+007
1.21771e+007
1.15047e+007
1.18791e+007
1.13806e+007
1.22096e+007
9.12773e+006
1.22049e+007
1.07564e+007
1.13206e+007
1.10705e+007
1.19335e+007
1.12779e+007
1.11562e+007
1.2849e+007
1.28384e+007
1.25988e+007
1.1484e+007
1.20033e+007
1.20033e+007
8.10686e+006
1.29738e+007
1.20295e+007
8.70387e+006
1.08039e+007
1.01775e+007
1.06335e+007
1.19184e+007
1.304e+007
1.17891e+007
1.00659e+007
1.18355e+007
1.11239e+007
7.42776e+006
1.22555e+007
1.24423e+007
9.92996e+006
1.20801e+007
1.23454e+007
8.7267e+006
1.22733e+007
1.13336e+007
1.17794e+007
1.07216e+007
1.27205e+007
1.28998e+007
1.17324e+007
1.28224e+007
1.14628e+007
1.18915e+007
1.11663e+007
1.22775e+007
1.29308e+007
1.13673e+007
1.08652e+007
1.25337e+007
1.04348e+007
1.20451e+007
1.1408e+007
1.18464e+007
1.13126e+007
1.19151e+007
1.20975e+007
1.19408e+007
1.24369e+007
1.22059e+007
1.17274e+007
1.17435e+007
1.26193e+007
1.26293e+007
1.2648e+007
1.20242e+007
1.19014e+007
1.27207e+007
1.26403e+007
1.09763e+007
1.15808e+007
1.24566e+007
8.90147e+006
1.09947e+007
1.142e+007
1.30803e+007
9.81612e+006
1.21672e+007
1.12051e+007
1.14641e+007
1.10504e+007
1.11446e+007
1.31814e+007
1.13024e+007
1.25622e+007
1.06255e+007
1.24378e+007
1.26364e+007
1.23005e+007
1.1556e+007
1.22765e+007
1.12328e+007
1.18278e+007
9.21344e+006
8.62342e+006
1.24082e+007
1.09055e+007
1.22661e+007
1.31287e+007
1.01687e+007
1.21005e+007
1.26295e+007
8.80271e+006
1.11797e+007
1.18581e+007
1.22214e+007
1.00548e+007
1.31074e+007
9.84448e+006
1.2729e+007
1.27266e+007
1.27321e+007
1.12679e+007
1.19536e+007
1.08559e+007
1.17964e+007
1.25399e+007
1.28275e+007
1.26767e+007
1.2275e+007
1.16001e+007
1.10312e+007
1.30602e+007
1.18731e+007
9.6836e+006
1.26773e+007
1.2379e+007
1.23657e+007
1.06022e+007
1.25492e+007
1.24825e+007
1.06531e+007
1.25664e+007
1.1342e+007
1.26613e+007
1.28472e+007
1.08764e+007
1.25371e+007
1.23478e+007
1.25644e+007
1.25013e+007
1.21651e+007
1.13197e+007
1.17476e+007
1.25284e+007
1.20908e+007
1.27857e+007
1.10264e+007
1.13327e+007
1.2267e+007
1.29126e+007
1.27288e+007
1.29279e+007
1.26194e+007
1.16586e+007
1.2624e+007
1.29938e+007
1.21219e+007
1.17287e+007
1.19303e+007
1.25421e+007
1.24409e+007
1.09101e+007
1.24765e+007
1.15708e+007
1.2734e+007
1.21505e+007
1.28914e+007
1.20856e+007
1.268e+007
1.21464e+007
1.25225e+007
1.19148e+007
1.21878e+007
1.27512e+007
1.13213e+007
1.26545e+007
1.07071e+007
1.12959e+007
1.19761e+007
1.25932e+007
1.27707e+007
1.2524e+007
1.15627e+007
1.16216e+007
1.23313e+007
1.23154e+007
1.03135e+007
9.85337e+006
1.28236e+007
1.24183e+007
1.29101e+007
1.10222e+007
1.22976e+007
1.26953e+007
1.23594e+007
1.16875e+007
1.30447e+007
1.27835e+007
1.25983e+007
1.23971e+007
1.04426e+007
1.05473e+007
1.26143e+007
1.18183e+007
1.25094e+007
1.23889e+007
1.28884e+007
1.14979e+007
1.22534e+007
1.3158e+007
1.24855e+007
1.2724e+007
1.25704e+007
1.19981e+007
1.05925e+007
1.19094e+007
1.09916e+007
1.04468e+007
1.26916e+007
1.25488e+007
1.2404e+007
1.2537e+007
9.94039e+006
1.12429e+007
1.26091e+007
1.26162e+007
1.26779e+007
1.22116e+007
1.28346e+007
1.30208e+007
1.25504e+007
1.20749e+007
1.28045e+007
1.27154e+007
1.26357e+007
1.26216e+007
1.29451e+007
1.25892e+007
1.20893e+007
1.24932e+007
1.1262e+007
1.28676e+007
1.08732e+007
1.27283e+007
1.1214e+007
1.05064e+007
1.09042e+007
1.23256e+007
1.20168e+007
1.14745e+007
1.28639e+007
1.18124e+007
1.18625e+007
1.18583e+007
1.28764e+007
1.30399e+007
1.15382e+007
1.27565e+007
1.28815e+007
1.27258e+007
1.25014e+007
1.22443e+007
1.27909e+007
1.26256e+007
1.30802e+007
1.27289e+007
1.26561e+007
1.26477e+007
1.23388e+007
1.24703e+007
1.28269e+007
1.25935e+007
1.19939e+007
1.26987e+007
1.25497e+007
1.29324e+007
1.29324e+007
1.26999e+007
1.32673e+007
1.15876e+007
1.29074e+007
1.22149e+007
1.26807e+007
1.26516e+007
1.25294e+007
1.25294e+007
1.24816e+007
1.29266e+007
1.17606e+007
1.191e+007
1.191e+007
1.19869e+007
1.25014e+007
1.25014e+007
1.28527e+007
1.22966e+007
1.27448e+007
1.14484e+007
1.30977e+007
1.29324e+007
1.25726e+007
1.25726e+007
1.25726e+007
1.27963e+007
1.27963e+007
1.27963e+007
1.27963e+007
1.19449e+007
1.2528e+007
1.2528e+007
1.2528e+007
1.2528e+007
1.2528e+007
1.2528e+007
1.2528e+007
1.23047e+007
1.23047e+007
1.26838e+007
1.26838e+007
1.26838e+007
1.26838e+007
1.26838e+007
1.26838e+007
1.26838e+007
1.26838e+007
1.26838e+007
1.26838e+007
1.26838e+007
1.26838e+007
1.26838e+007
1.26838e+007
1.26838e+007
1.26838e+007
1.23047e+007
1.23047e+007
1.23047e+007
1.23047e+007
1.23047e+007
1.23047e+007
1.23047e+007
1.23047e+007
1.23047e+007
1.23047e+007
1.23047e+007
1.23047e+007
1.23047e+007
1.23047e+007
1.23047e+007
1.23047e+007
1.23047e+007
1.23047e+007
1.23047e+007
1.23047e+007
1.23047e+007
1.23047e+007
1.23047e+007
1.23047e+007
1.23047e+007
1.23047e+007
1.23047e+007
1.23047e+007
1.23047e+007
1.23047e+007
1.23047e+007
1.23047e+007
1.23047e+007
1.23047e+007
1.23047e+007
1.23047e+007
1.23047e+007
1.23047e+007
1.23047e+007
1.23047e+007
1.23047e+007
1.23047e+007
1.23047e+007
1.23047e+007
1.23047e+007
1.23047e+007
1.23047e+007
1.23047e+007
1.23047e+007
1.23047e+007
1.23047e+007
1.23047e+007
1.23047e+007
1.23047e+007
1.23047e+007
1.23047e+007
1.23047e+007
1.23047e+007
1.23047e+007
1.23047e+007
1.23047e+007
1.23047e+007
1.23047e+007
1.23047e+007
1.23047e+007
1.23047e+007
1.23047e+007
1.23047e+007
1.23047e+007
1.23047e+007
1.23047e+007
1.23047e+007
1.23047e+007
1.23047e+007
1.23047e+007
1.23047e+007
1.23047e+007
1.23047e+007
1.23047e+007
1.23047e+007
1.23047e+007
1.23047e+007
1.23047e+007
1.23047e+007
1.23047e+007
1.23047e+007
1.23047e+007
1.23047e+007
1.23047e+007
1.23047e+007
1.23047e+007
1.23047e+007
1.23047e+007
1.23047e+007
1.23047e+007
1.23047e+007
1.23047e+007
1.23047e+007
1.23047e+007
1.23047e+007
1.23047e+007
1.23047e+007
1.23047e+007
1.23047e+007
1.23047e+007
1.23047e+007
1.23047e+007
1.23047e+007
1.23047e+007
1.23047e+007
1.23047e+007
1.23047e+007
1.23047e+007
1.23047e+007
1.23047e+007
1.23047e+007
1.23047e+007
1.23047e+007
1.23047e+007
1.23047e+007
1.23047e+007
1.23047e+007
1.23047e+007
1.23047e+007
1.23047e+007
1.23047e+007
1.23047e+007
1.23047e+007
1.23047e+007
1.23047e+007
1.23047e+007
1.23047e+007
1.23047e+007
1.23047e+007
1.23047e+007
1.23047e+007
1.23047e+007
1.23047e+007
1.23047e+007
1.23047e+007
1.23047e+007
1.23047e+007
1.23047e+007
1.23047e+007
1.23047e+007
1.23047e+007
1.23047e+007
1.23047e+007
1.23047e+007
1.23047e+007
1.23047e+007
1.23047e+007
1.23047e+007
1.23047e+007
1.23047e+007
1.23047e+007
1.23047e+007
1.23047e+007
1.23047e+007
1.23047e+007
1.23047e+007
1.23047e+007
1.23047e+007
1.23047e+007
1.23047e+007
1.23047e+007
1.23047e+007
1.23047e+007
1.23047e+007
1.23047e+007
1.23047e+007
1.23047e+007
