/Users/caoxiya/Desktop/D/KnapsackProblem/dataset/p08_annel_result.txt
1.20321e+07
9.41093e+06
1.21662e+07
1.21729e+07
1.06295e+07
1.02486e+07
8.13405e+06
8.18382e+06
1.24979e+07
6.33991e+06
1.05775e+07
1.22987e+07
9.67083e+06
1.00958e+07
1.17538e+07
7.96272e+06
1.12746e+07
1.24025e+07
1.19071e+07
8.29044e+06
1.25923e+07
9.20174e+06
7.04383e+06
1.17644e+07
1.15837e+07
1.12686e+07
1.14306e+07
1.04485e+07
1.11025e+07
1.15524e+07
4.9752e+06
8.37905e+06
1.20617e+07
8.42145e+06
1.2247e+07
1.00941e+07
1.22678e+07
9.14324e+06
1.03457e+07
1.32696e+07
9.04973e+06
1.23124e+07
8.12028e+06
1.26799e+07
1.13268e+07
9.66133e+06
1.18705e+07
9.54774e+06
1.18582e+07
1.25882e+07
1.21315e+07
1.2378e+07
1.13291e+07
1.12555e+07
1.18484e+07
1.11568e+07
1.2827e+07
1.04579e+07
1.20393e+07
1.2707e+07
1.15921e+07
1.22816e+07
1.19895e+07
1.27759e+07
1.27445e+07
1.25945e+07
1.05157e+07
1.1273e+07
1.26014e+07
1.1975e+07
1.26447e+07
1.2806e+07
1.23448e+07
1.2799e+07
1.2306e+07
1.26363e+07
1.22178e+07
1.26231e+07
1.27252e+07
1.22235e+07
1.20745e+07
1.19215e+07
1.20772e+07
1.20745e+07
1.20745e+07
1.20745e+07
1.20745e+07
1.20745e+07
1.20745e+07
1.20745e+07
1.20745e+07
1.20745e+07
1.20745e+07
1.20745e+07
1.20745e+07
1.20745e+07
1.20745e+07
1.20745e+07
1.20745e+07
1.20745e+07
/Users/caoxiya/Desktop/D/KnapsackProblem/dataset/p08_annel_result.txt
1.07892e+07
8.63716e+06
1.10086e+07
9.49436e+06
1.09534e+07
1.24377e+07
1.00045e+07
9.90866e+06
1.2775e+07
1.12447e+07
9.89487e+06
7.38435e+06
1.05632e+07
1.28118e+07
1.23736e+07
9.34247e+06
1.1636e+07
1.15567e+07
1.22115e+07
1.30652e+07
9.79846e+06
1.20225e+07
1.19325e+07
1.24894e+07
1.17955e+07
1.10333e+07
1.26796e+07
1.17293e+07
1.13943e+07
1.03907e+07
8.7216e+06
1.22605e+07
1.26812e+07
1.21358e+07
8.73522e+06
1.1852e+07
1.03859e+07
1.27385e+07
8.58383e+06
1.17979e+07
1.22503e+07
1.23511e+07
1.18938e+07
1.07509e+07
7.59861e+06
1.29719e+07
1.17018e+07
1.20567e+07
1.0851e+07
1.00677e+07
1.17405e+07
1.27369e+07
1.253e+07
1.20961e+07
7.90219e+06
1.14702e+07
1.15219e+07
1.28176e+07
1.24126e+07
1.19982e+07
1.23134e+07
1.11476e+07
1.24244e+07
1.27951e+07
1.18948e+07
1.078e+07
1.25407e+07
1.2267e+07
1.11983e+07
1.15115e+07
1.29233e+07
1.07761e+07
1.22378e+07
1.29257e+07
1.1672e+07
1.24438e+07
1.26479e+07
1.27283e+07
1.29158e+07
1.26897e+07
1.27596e+07
1.22469e+07
1.17174e+07
1.17174e+07
1.17174e+07
1.17174e+07
1.17174e+07
1.17174e+07
1.17174e+07
1.17174e+07
1.17174e+07
1.17174e+07
1.17174e+07
1.17174e+07
1.17174e+07
1.17174e+07
1.17174e+07
1.17174e+07
1.17174e+07
1.17174e+07
/Users/caoxiya/Desktop/D/KnapsackProblem/dataset/p08_annel_result.txt
9.84105e+06
9.67923e+06
1.25321e+07
9.26056e+06
8.79936e+06
5.80964e+06
1.28962e+07
1.22424e+07
5.38219e+06
8.12671e+06
1.11822e+07
1.23709e+07
1.26438e+07
1.1555e+07
1.13731e+07
1.17698e+07
1.03071e+07
7.96325e+06
4.20367e+06
1.23925e+07
1.17955e+07
9.41943e+06
1.16057e+07
1.21106e+07
1.27421e+07
1.1514e+07
1.08962e+07
1.07592e+07
1.03964e+07
1.03953e+07
1.20676e+07
1.15769e+07
1.07586e+07
1.0946e+07
1.28776e+07
9.98189e+06
1.2263e+07
9.47233e+06
1.27096e+07
1.07509e+07
1.30416e+07
1.27912e+07
1.0034e+07
1.16275e+07
1.19503e+07
8.95195e+06
1.14929e+07
1.13986e+07
1.16582e+07
9.36872e+06
1.26063e+07
1.16149e+07
1.08174e+07
1.25067e+07
1.19184e+07
1.00423e+07
1.14745e+07
9.22203e+06
1.21897e+07
1.09428e+07
1.02815e+07
1.11787e+07
1.07549e+07
1.29997e+07
1.29524e+07
1.27359e+07
1.18749e+07
1.13987e+07
1.25339e+07
1.04641e+07
1.27861e+07
1.24742e+07
1.1062e+07
1.25671e+07
1.28805e+07
1.23496e+07
1.2932e+07
1.23017e+07
1.26227e+07
1.28919e+07
1.28391e+07
1.17174e+07
1.17174e+07
1.17174e+07
1.17174e+07
1.17174e+07
1.17174e+07
1.17174e+07
1.17174e+07
1.17174e+07
1.17174e+07
1.17174e+07
1.17174e+07
1.17174e+07
1.17174e+07
1.17174e+07
1.17174e+07
1.17174e+07
1.17174e+07
1.17174e+07
