/Users/caoxiya/Desktop/D/KnapsackProblem/dataset/p08_hc_result.txt
1.28834e+07
1.35491e+07
1.35491e+07
1.35491e+07
1.35491e+07
1.35491e+07
1.35491e+07
1.35491e+07
1.35491e+07
1.35491e+07
1.35491e+07
1.35491e+07
1.35491e+07
1.35491e+07
1.35491e+07
1.35491e+07
1.35491e+07
1.35491e+07
1.35491e+07
1.35491e+07
1.35491e+07
1.35491e+07
1.35491e+07
1.35491e+07
1.35491e+07
1.35491e+07
1.35491e+07
1.35491e+07
1.35491e+07
1.35491e+07
1.35491e+07
1.35491e+07
1.35491e+07
1.35491e+07
1.35491e+07
1.35491e+07
1.35491e+07
1.35491e+07
1.35491e+07
1.35491e+07
1.35491e+07
1.35491e+07
1.35491e+07
1.35491e+07
1.35491e+07
1.35491e+07
1.35491e+07
1.35491e+07
1.35491e+07
1.35491e+07
1.35491e+07
1.35491e+07
1.35491e+07
1.35491e+07
1.35491e+07
1.35491e+07
1.35491e+07
1.35491e+07
1.35491e+07
1.35491e+07
1.35491e+07
1.35491e+07
1.35491e+07
1.35491e+07
1.35491e+07
1.35491e+07
1.35491e+07
1.35491e+07
1.35491e+07
1.35491e+07
1.35491e+07
1.35491e+07
1.35491e+07
1.35491e+07
1.35491e+07
1.35491e+07
1.35491e+07
1.35491e+07
1.35491e+07
1.35491e+07
1.35491e+07
1.35491e+07
1.35491e+07
1.35491e+07
1.35491e+07
1.35491e+07
1.35491e+07
1.35491e+07
1.35491e+07
1.35491e+07
1.35491e+07
1.35491e+07
1.35491e+07
1.35491e+07
1.35491e+07
1.35491e+07
1.35491e+07
1.35491e+07
1.35491e+07
1.35491e+07
/Users/caoxiya/Desktop/D/KnapsackProblem/dataset/p08_hc_result.txt
1.13965e+07
1.34739e+07
1.34755e+07
1.35491e+07
1.35491e+07
1.35491e+07
1.35491e+07
1.35491e+07
1.35491e+07
1.35491e+07
1.35491e+07
1.35491e+07
1.35491e+07
1.35491e+07
1.35491e+07
1.35491e+07
1.35491e+07
1.35491e+07
1.35491e+07
1.35491e+07
1.35491e+07
1.35491e+07
1.35491e+07
1.35491e+07
1.35491e+07
1.35491e+07
1.35491e+07
1.35491e+07
1.35491e+07
1.35491e+07
1.35491e+07
1.35491e+07
1.35491e+07
1.35491e+07
1.35491e+07
1.35491e+07
1.35491e+07
1.35491e+07
1.35491e+07
1.35491e+07
1.35491e+07
1.35491e+07
1.35491e+07
1.35491e+07
1.35491e+07
1.35491e+07
1.35491e+07
1.35491e+07
1.35491e+07
1.35491e+07
1.35491e+07
1.35491e+07
1.35491e+07
1.35491e+07
1.35491e+07
1.35491e+07
1.35491e+07
1.35491e+07
1.35491e+07
1.35491e+07
1.35491e+07
1.35491e+07
1.35491e+07
1.35491e+07
1.35491e+07
1.35491e+07
1.35491e+07
1.35491e+07
1.35491e+07
1.35491e+07
1.35491e+07
1.35491e+07
1.35491e+07
1.35491e+07
1.35491e+07
1.35491e+07
1.35491e+07
1.35491e+07
1.35491e+07
1.35491e+07
1.35491e+07
1.35491e+07
1.35491e+07
1.35491e+07
1.35491e+07
1.35491e+07
1.35491e+07
1.35491e+07
1.35491e+07
1.35491e+07
1.35491e+07
1.35491e+07
1.35491e+07
1.35491e+07
1.35491e+07
1.35491e+07
1.35491e+07
1.35491e+07
1.35491e+07
1.35491e+07
/Users/caoxiya/Desktop/D/KnapsackProblem/dataset/p08_hc_result.txt
1.30912e+07
1.3515e+07
1.3515e+07
1.3515e+07
1.3515e+07
1.3515e+07
1.3515e+07
1.3515e+07
1.3515e+07
1.3515e+07
1.3515e+07
1.3515e+07
1.3515e+07
1.35243e+07
1.35243e+07
1.35243e+07
1.35243e+07
1.35243e+07
1.35243e+07
1.35243e+07
1.35243e+07
1.35243e+07
1.35243e+07
1.35243e+07
1.35243e+07
1.35243e+07
1.35243e+07
1.35243e+07
1.35243e+07
1.35243e+07
1.35243e+07
1.35243e+07
1.35243e+07
1.35243e+07
1.35243e+07
1.35243e+07
1.35243e+07
1.35243e+07
1.35243e+07
1.35243e+07
1.35243e+07
1.35243e+07
1.35243e+07
1.35243e+07
1.35243e+07
1.35243e+07
1.35243e+07
1.35243e+07
1.35243e+07
1.35243e+07
1.35243e+07
1.35243e+07
1.35243e+07
1.35243e+07
1.35243e+07
1.35243e+07
1.35243e+07
1.35243e+07
1.35243e+07
1.35243e+07
1.35243e+07
1.35243e+07
1.35243e+07
1.35243e+07
1.35243e+07
1.35243e+07
1.35243e+07
1.35243e+07
1.35243e+07
1.35243e+07
1.35243e+07
1.35243e+07
1.35243e+07
1.35243e+07
1.35243e+07
1.35243e+07
1.35243e+07
1.35243e+07
1.35243e+07
1.35243e+07
1.35243e+07
1.35243e+07
1.35243e+07
1.35243e+07
1.35243e+07
1.35243e+07
1.35243e+07
1.35243e+07
1.35243e+07
1.35243e+07
1.35243e+07
1.35243e+07
1.35243e+07
1.35243e+07
1.35243e+07
1.35243e+07
1.35243e+07
1.35243e+07
1.35243e+07
1.35243e+07
