/Users/caoxiya/Desktop/D/KnapsackProblem/dataset/p08_ga_result.txt
1.33997e+07
1.34685e+07
1.34685e+07
1.34685e+07
1.34685e+07
1.34685e+07
1.34685e+07
1.34685e+07
1.34685e+07
1.34685e+07
1.34685e+07
1.34685e+07
1.34685e+07
1.34685e+07
1.34685e+07
1.34685e+07
1.34685e+07
1.34685e+07
1.34685e+07
1.34685e+07
1.34685e+07
1.34685e+07
1.34685e+07
1.34685e+07
1.34685e+07
1.34685e+07
1.34685e+07
1.34685e+07
1.34685e+07
1.34685e+07
1.34685e+07
1.34685e+07
1.34685e+07
1.34685e+07
1.34685e+07
1.34685e+07
1.34685e+07
1.34685e+07
1.34685e+07
1.34685e+07
1.34685e+07
1.34685e+07
1.34685e+07
1.34685e+07
1.34685e+07
1.34685e+07
1.34685e+07
1.34685e+07
1.34685e+07
1.34685e+07
1.34685e+07
1.34685e+07
1.34685e+07
1.34685e+07
1.34685e+07
1.34685e+07
1.34685e+07
1.34685e+07
1.34685e+07
1.34685e+07
1.34685e+07
1.34685e+07
1.34685e+07
1.34685e+07
1.34685e+07
1.34685e+07
1.34685e+07
1.34685e+07
1.34685e+07
1.34685e+07
1.34685e+07
1.34685e+07
1.34685e+07
1.34685e+07
1.34685e+07
1.34685e+07
1.34685e+07
1.34685e+07
1.34685e+07
1.34685e+07
1.34685e+07
1.34685e+07
1.34685e+07
1.34685e+07
1.34685e+07
1.34685e+07
1.34685e+07
1.34685e+07
1.34685e+07
1.34685e+07
1.34685e+07
1.34685e+07
1.34685e+07
1.34685e+07
1.34685e+07
1.34685e+07
1.34685e+07
1.34685e+07
1.34685e+07
1.34685e+07
/Users/caoxiya/Desktop/D/KnapsackProblem/dataset/p08_ga_result.txt
1.33446e+07
1.34375e+07
1.34375e+07
1.34375e+07
1.34375e+07
1.34375e+07
1.34375e+07
1.34375e+07
1.34375e+07
1.34375e+07
1.34375e+07
1.34375e+07
1.34375e+07
1.34375e+07
1.34375e+07
1.34375e+07
1.34375e+07
1.34375e+07
1.34375e+07
1.34375e+07
1.34375e+07
1.34375e+07
1.34375e+07
1.34375e+07
1.34375e+07
1.34375e+07
1.34375e+07
1.34375e+07
1.34375e+07
1.34375e+07
1.34375e+07
1.34375e+07
1.34375e+07
1.34375e+07
1.34375e+07
1.34375e+07
1.34375e+07
1.34375e+07
1.34375e+07
1.34375e+07
1.34375e+07
1.34375e+07
1.34375e+07
1.34375e+07
1.34375e+07
1.34375e+07
1.34375e+07
1.34375e+07
1.34375e+07
1.34375e+07
1.34375e+07
1.34375e+07
1.34375e+07
1.34375e+07
1.34375e+07
1.34375e+07
1.34375e+07
1.34375e+07
1.34375e+07
1.34375e+07
1.34375e+07
1.34375e+07
1.34375e+07
1.34375e+07
1.34375e+07
1.34375e+07
1.34375e+07
1.34375e+07
1.34375e+07
1.34375e+07
1.34375e+07
1.34375e+07
1.34375e+07
1.34375e+07
1.34375e+07
1.34375e+07
1.34375e+07
1.34375e+07
1.34375e+07
1.34375e+07
1.34375e+07
1.34375e+07
1.34375e+07
1.34375e+07
1.34375e+07
1.34375e+07
1.34375e+07
1.34375e+07
1.34375e+07
1.34375e+07
1.34375e+07
1.34375e+07
1.34375e+07
1.34375e+07
1.34375e+07
1.34375e+07
1.34375e+07
1.34375e+07
1.34375e+07
1.34375e+07
/Users/caoxiya/Desktop/D/KnapsackProblem/dataset/p08_ga_result.txt
1.34362e+07
1.35019e+07
1.35019e+07
1.35019e+07
1.35019e+07
1.35019e+07
1.35019e+07
1.35019e+07
1.35019e+07
1.35019e+07
1.35019e+07
1.35019e+07
1.35019e+07
1.35019e+07
1.35019e+07
1.35019e+07
1.35019e+07
1.35019e+07
1.35019e+07
1.35019e+07
1.35019e+07
1.35019e+07
1.35019e+07
1.35019e+07
1.35019e+07
1.35019e+07
1.35019e+07
1.35019e+07
1.35019e+07
1.35019e+07
1.35019e+07
1.35019e+07
1.35019e+07
1.35019e+07
1.35019e+07
1.35019e+07
1.35019e+07
1.35019e+07
1.35019e+07
1.35019e+07
1.35019e+07
1.35019e+07
1.35019e+07
1.35019e+07
1.35019e+07
1.35019e+07
1.35019e+07
1.35019e+07
1.35019e+07
1.35019e+07
1.35019e+07
1.35019e+07
1.35019e+07
1.35019e+07
1.35019e+07
1.35019e+07
1.35019e+07
1.35019e+07
1.35019e+07
1.35019e+07
1.35019e+07
1.35019e+07
1.35019e+07
1.35019e+07
1.35019e+07
1.35019e+07
1.35019e+07
1.35019e+07
1.35019e+07
1.35019e+07
1.35019e+07
1.35019e+07
1.35019e+07
1.35019e+07
1.35019e+07
1.35019e+07
1.35019e+07
1.35019e+07
1.35019e+07
1.35019e+07
1.35019e+07
1.35019e+07
1.35019e+07
1.35019e+07
1.35019e+07
1.35019e+07
1.35019e+07
1.35019e+07
1.35019e+07
1.35019e+07
1.35019e+07
1.35019e+07
1.35019e+07
1.35019e+07
1.35019e+07
1.35019e+07
1.35019e+07
1.35019e+07
1.35019e+07
1.35019e+07