/Users/caoxiya/Desktop/D/KnapsackProblem/dataset/p08_hc_result.txt
1.27282e+07
1.34873e+07
1.34873e+07
1.35019e+07
1.35019e+07
1.35019e+07
1.35019e+07
1.35019e+07
1.35093e+07
1.35093e+07
1.35093e+07
1.35093e+07
1.35093e+07
1.35093e+07
1.35093e+07
1.35093e+07
1.35093e+07
1.35093e+07
1.35093e+07
1.35093e+07
1.35093e+07
1.35093e+07
1.35093e+07
1.3519e+07
1.3519e+07
1.3519e+07
1.3519e+07
1.3519e+07
1.3519e+07
1.3519e+07
1.3519e+07
1.35243e+07
1.35243e+07
1.35243e+07
1.35243e+07
1.35243e+07
1.35243e+07
1.35243e+07
1.35243e+07
1.35243e+07
1.35243e+07
1.35243e+07
1.35243e+07
1.35243e+07
1.35243e+07
1.35243e+07
1.35243e+07
1.35243e+07
1.35243e+07
1.35243e+07
1.35243e+07
1.35243e+07
1.35243e+07
1.35243e+07
1.35243e+07
1.35243e+07
1.35243e+07
1.35243e+07
1.35243e+07
1.35243e+07
1.35243e+07
1.35243e+07
1.35491e+07
1.35491e+07
1.35491e+07
1.35491e+07
1.35491e+07
1.35491e+07
1.35491e+07
1.35491e+07
1.35491e+07
1.35491e+07
1.35491e+07
1.35491e+07
1.35491e+07
1.35491e+07
1.35491e+07
1.35491e+07
1.35491e+07
1.35491e+07
1.35491e+07
1.35491e+07
1.35491e+07
1.35491e+07
1.35491e+07
1.35491e+07
1.35491e+07
1.35491e+07
1.35491e+07
1.35491e+07
1.35491e+07
1.35491e+07
1.35491e+07
1.35491e+07
1.35491e+07
1.35491e+07
1.35491e+07
1.35491e+07
1.35491e+07
1.35491e+07
