/Users/caoxiya/Desktop/D/KnapsackProblem/dataset/p08_annel_result.txt
1.00012e+07
5.84369e+06
1.11943e+07
1.04397e+07
9.17612e+06
7.88354e+06
1.14297e+07
6.35928e+06
9.95485e+06
1.26834e+07
1.0043e+07
9.7501e+06
9.78491e+06
1.09347e+07
1.06587e+07
1.13512e+07
1.03292e+07
9.39426e+06
1.15727e+07
1.1017e+07
1.25246e+07
1.1408e+07
8.9644e+06
8.05252e+06
1.13316e+07
1.05098e+07
1.10212e+07
1.25317e+07
1.27173e+07
1.31857e+07
1.2492e+07
1.19692e+07
1.18287e+07
1.07396e+07
1.02579e+07
1.12182e+07
1.18579e+07
1.17009e+07
1.21787e+07
8.86958e+06
1.0072e+07
1.07964e+07
1.2193e+07
1.28113e+07
1.22446e+07
1.25421e+07
1.13408e+07
8.93838e+06
1.19542e+07
1.22564e+07
1.14129e+07
1.22442e+07
1.10847e+07
1.1844e+07
1.27432e+07
1.10062e+07
1.18021e+07
1.08421e+07
1.26255e+07
1.23236e+07
1.2756e+07
1.17216e+07
1.26229e+07
1.15161e+07
1.29362e+07
1.15602e+07
1.21302e+07
1.11199e+07
1.23353e+07
1.21822e+07
1.24787e+07
1.2008e+07
1.18726e+07
1.23675e+07
1.12789e+07
1.25997e+07
1.18476e+07
1.25244e+07
1.25753e+07
1.29543e+07
1.22469e+07
1.17174e+07
1.17174e+07
1.17174e+07
1.17174e+07
1.17174e+07
1.17174e+07
1.17174e+07
1.17174e+07
1.17174e+07
1.17174e+07
1.17174e+07
1.17174e+07
1.17174e+07
1.17174e+07
1.17174e+07
1.17174e+07
1.17174e+07
1.17174e+07
1.17174e+07
