/Users/caoxiya/Desktop/D/KnapsackProblem/dataset/p08_hc_result.txt
1.27217e+07
1.34594e+07
1.34737e+07
1.34737e+07
1.34737e+07
1.34742e+07
1.34967e+07
1.34967e+07
1.34967e+07
1.34967e+07
1.34967e+07
1.34967e+07
1.34967e+07
1.34967e+07
1.35243e+07
1.35243e+07
1.35243e+07
1.35243e+07
1.35243e+07
1.35243e+07
1.35243e+07
1.35243e+07
1.35243e+07
1.35243e+07
1.35243e+07
1.35243e+07
1.35243e+07
1.35243e+07
1.35243e+07
1.35243e+07
1.35243e+07
1.35243e+07
1.35243e+07
1.35243e+07
1.35243e+07
1.35243e+07
1.35243e+07
1.35243e+07
1.35243e+07
1.35243e+07
1.35243e+07
1.35243e+07
1.35243e+07
1.35243e+07
1.35243e+07
1.35243e+07
1.35243e+07
1.35243e+07
1.35243e+07
1.35243e+07
1.35243e+07
1.35243e+07
1.35243e+07
1.35243e+07
1.35243e+07
1.35243e+07
1.35243e+07
1.35243e+07
1.35243e+07
1.35243e+07
1.35243e+07
1.35243e+07
1.35243e+07
1.35243e+07
1.35243e+07
1.35243e+07
1.35243e+07
1.35243e+07
1.35243e+07
1.35243e+07
1.35243e+07
1.35243e+07
1.35243e+07
1.35243e+07
1.35243e+07
1.35243e+07
1.35243e+07
1.35243e+07
1.35243e+07
1.35243e+07
1.35243e+07
1.35243e+07
1.35243e+07
1.35243e+07
1.35243e+07
1.35243e+07
1.35243e+07
1.35243e+07
1.35243e+07
1.35243e+07
1.35243e+07
1.35243e+07
1.35243e+07
1.35243e+07
1.35243e+07
1.35243e+07
1.35243e+07
1.35243e+07
1.35243e+07
1.35243e+07
