/Users/caoxiya/Desktop/D/KnapsackProblem/dataset/p08_annel_result.txt
7.74311e+06
8.43911e+06
1.17048e+07
1.20986e+07
1.25147e+07
9.46616e+06
9.94858e+06
1.07838e+07
8.25683e+06
8.80728e+06
9.95558e+06
9.45419e+06
1.18794e+07
1.25414e+07
1.07869e+07
1.18701e+07
1.208e+07
8.10847e+06
1.03895e+07
1.02217e+07
1.11123e+07
1.0419e+07
1.137e+07
1.04141e+07
1.11806e+07
1.1184e+07
1.15038e+07
1.00247e+07
1.13647e+07
1.01254e+07
1.22157e+07
1.28153e+07
1.12227e+07
1.07958e+07
1.13613e+07
1.25658e+07
9.96052e+06
1.09616e+07
9.28968e+06
8.90179e+06
1.2591e+07
1.16781e+07
1.20413e+07
1.05028e+07
1.28884e+07
1.0656e+07
1.24891e+07
1.25754e+07
1.13344e+07
9.77269e+06
1.29675e+07
1.08261e+07
1.15475e+07
1.01109e+07
9.7259e+06
1.03948e+07
1.21755e+07
1.26712e+07
1.19465e+07
1.12695e+07
1.277e+07
1.2705e+07
1.29509e+07
1.22536e+07
1.24198e+07
1.17639e+07
1.1181e+07
1.23167e+07
1.25524e+07
1.19474e+07
1.17502e+07
1.1699e+07
1.26113e+07
1.17053e+07
1.21959e+07
1.20916e+07
1.26811e+07
1.20284e+07
1.247e+07
1.29464e+07
1.24511e+07
1.20772e+07
1.17174e+07
1.17174e+07
1.17174e+07
1.17174e+07
1.17174e+07
1.17174e+07
1.17174e+07
1.17174e+07
1.17174e+07
1.17174e+07
1.17174e+07
1.17174e+07
1.17174e+07
1.17174e+07
1.17174e+07
1.17174e+07
1.17174e+07
1.17174e+07
