/Users/caoxiya/Desktop/D/KnapsackProblem/dataset/p08_ga_result.txt
1.34221e+07
1.34221e+07
1.34221e+07
1.34594e+07
1.34594e+07
1.34594e+07
1.34594e+07
1.34594e+07
1.34594e+07
1.34594e+07
1.34594e+07
1.34594e+07
1.3461e+07
1.3461e+07
1.3461e+07
1.3461e+07
1.3461e+07
1.3461e+07
1.3461e+07
1.3461e+07
1.3461e+07
1.35059e+07
1.35059e+07
1.35059e+07
1.35059e+07
1.35059e+07
1.35059e+07
1.35059e+07
1.35059e+07
1.35059e+07
1.35059e+07
1.35059e+07
1.35059e+07
1.35059e+07
1.35059e+07
1.35059e+07
1.35059e+07
1.35059e+07
1.35059e+07
1.35059e+07
1.35059e+07
1.35059e+07
1.35059e+07
1.35059e+07
1.35059e+07
1.35059e+07
1.35059e+07
1.35059e+07
1.35059e+07
1.35059e+07
1.35059e+07
1.35059e+07
1.35059e+07
1.35059e+07
1.35059e+07
1.35059e+07
1.35059e+07
1.35059e+07
1.35059e+07
1.35059e+07
1.35059e+07
1.35059e+07
1.35059e+07
1.35059e+07
1.35059e+07
1.35059e+07
1.35059e+07
1.35059e+07
1.35059e+07
1.35059e+07
1.35059e+07
1.35059e+07
1.35059e+07
1.35059e+07
1.35059e+07
1.35059e+07
1.35059e+07
1.35059e+07
1.35059e+07
1.35059e+07
1.35059e+07
1.35059e+07
1.35059e+07
1.35059e+07
1.35059e+07
1.35059e+07
1.35059e+07
1.35059e+07
1.35059e+07
1.35059e+07
1.35059e+07
1.35059e+07
1.35059e+07
1.35059e+07
1.35059e+07
1.35059e+07
1.35059e+07
1.35059e+07
1.35059e+07
1.35059e+07
