/Users/caoxiya/Desktop/D/KnapsackProblem/dataset/p08_rand_result.txt
1.30316e+07
1.30974e+07
1.30974e+07
1.30974e+07
1.30974e+07
1.30974e+07
1.30974e+07
1.30974e+07
1.30974e+07
1.30974e+07
1.30974e+07
1.30974e+07
1.30974e+07
1.30974e+07
1.30974e+07
1.30974e+07
1.30974e+07
1.30974e+07
1.30974e+07
1.30974e+07
1.30974e+07
1.30974e+07
1.30974e+07
1.30974e+07
1.30974e+07
1.30974e+07
1.30974e+07
1.30974e+07
1.30974e+07
1.30974e+07
1.30974e+07
1.30974e+07
1.30974e+07
1.30974e+07
1.30974e+07
1.30974e+07
1.30974e+07
1.30974e+07
1.30974e+07
1.30974e+07
1.30974e+07
1.30974e+07
1.30974e+07
1.30974e+07
1.30974e+07
1.30974e+07
1.30974e+07
1.30974e+07
1.30974e+07
1.30974e+07
1.30974e+07
1.30974e+07
1.30974e+07
1.30974e+07
1.30974e+07
1.30974e+07
1.30974e+07
1.30974e+07
1.30974e+07
1.30974e+07
1.30974e+07
1.30974e+07
1.30974e+07
1.30974e+07
1.30974e+07
1.30974e+07
1.30974e+07
1.30974e+07
1.30974e+07
1.30974e+07
1.30974e+07
1.30974e+07
1.30974e+07
1.30974e+07
1.30974e+07
1.30974e+07
1.30974e+07
1.30974e+07
1.30974e+07
1.30974e+07
1.30974e+07
1.30974e+07
1.30974e+07
1.30974e+07
1.30974e+07
1.30974e+07
1.30974e+07
1.30974e+07
1.30974e+07
1.30974e+07
1.30974e+07
1.30974e+07
1.30974e+07
1.30974e+07
1.30974e+07
1.30974e+07
1.30974e+07
1.30974e+07
1.30974e+07
1.30974e+07
